real column: 10845601 codes, 1000000 rows, max row len 353 codes

== real single-point queries (ns/code, best of 3; rows = queries sorted by coverage) ==
  coverage     hits     rows a1_row_ea a2_row_pu a3_row_bi a4_row_ch b1_codes_ b2_codes_ c1_bitset c2_codeid c3_block6 c4_superb sw3_word_ sw4_super r1_avx2_b r2_avx512 r3_avx512 r4_avx512 r5_avx512
  0.000000        3        3     1.601     1.459     1.356     1.527     0.661     1.930     0.975     0.757     0.961     0.171     0.521     0.184     0.100     0.123     0.105     0.279       n/a  clickbench-url-1m-gen1-s42.contains.L64.s0.r3
  0.000000        4        4     1.640     1.452     1.362     1.513     0.656     1.941     0.978     0.772     0.960     0.174     0.508     0.182     0.116     0.134     0.114     0.258       n/a  clickbench-url-1m-gen1-s42.contains.L32.s0.r0
  0.000000        5        5     1.608     1.456     1.367     1.503     0.663     1.933     0.984     0.756     0.950     0.190     0.516     0.246     0.125     0.126     0.114     0.264       n/a  clickbench-url-1m-gen1-s42.contains.L16.s0.r1
  0.000000        5        5     1.624     1.551     1.362     1.520     0.645     1.914     0.986     0.765     0.962     0.184     0.517     0.218     0.161     0.155     0.119     0.282       n/a  clickbench-url-1m-gen1-s42.contains.L32.s0.r2
  0.000001       10       10     1.626     1.465     1.361     1.495     0.677     1.981     1.013     0.781     0.985     0.191     0.539     0.232     0.131     0.135     0.124     0.285       n/a  clickbench-url-1m-gen1-s42.contains.L32.s0.r3
  0.000001       15       15     1.607     1.454     1.342     1.512     0.662     1.935     0.988     0.767     0.964     0.170     0.520     0.230     0.123     0.120     0.102     0.262       n/a  clickbench-url-1m-gen1-s42.contains.L32.s0.r4
  0.000002       22       22     1.595     1.467     1.349     1.494     0.664     1.924     0.978     0.736     0.953     0.194     0.573     0.239     0.126     0.138     0.109     0.271       n/a  clickbench-url-1m-gen1-s42.contains.L16.s0.r4
  0.000002       23       23     1.602     1.473     1.355     1.506     0.662     1.925     0.977     0.766     0.969     0.192     0.537     0.287     0.162     0.146     0.118     0.264       n/a  clickbench-url-1m-gen1-s42.contains.L32.s1e-5.r0
  0.000002       27       27     1.598     1.469     1.356     1.493     0.658     1.924     0.970     0.761     0.955     0.184     0.528     0.236     0.216     0.170     0.133     0.279       n/a  clickbench-url-1m-gen1-s42.contains.L64.s0.r4
  0.000003       31       31     1.712     1.469     1.376     1.529     0.660     1.931     0.979     0.737     0.945     0.186     0.513     0.243     0.145     0.138     0.115     0.263       n/a  clickbench-url-1m-gen1-s42.contains.L32.s0.r1
  0.000005       52       52     1.613     1.454     1.360     1.503     0.667     1.949     1.001     0.789     0.988     0.272     0.528     0.243     0.144     0.143     0.116     0.277       n/a  clickbench-url-1m-gen1-s42.contains.L32.s1e-5.r1
  0.000006       60       60     1.623     1.452     1.359     1.520     0.670     1.940     0.985     0.765     0.968     0.221     0.529     0.253     0.157     0.163     0.143     0.303       n/a  clickbench-url-1m-gen1-s42.contains.L8.s0.r2
  0.000007       71       70     1.614     1.475     1.387     1.554     0.661     1.917     1.008     0.766     0.960     0.203     0.539     0.244     0.152     0.149     0.132     0.297       n/a  clickbench-url-1m-gen1-s42.contains.L64.s0.r0
  0.000013      146      140     1.597     1.458     1.369     1.513     0.673     1.937     0.998     0.761     0.972     0.223     0.539     0.265     0.160     0.162     0.131     0.311       n/a  clickbench-url-1m-gen1-s42.contains.L16.s0.r0
  0.000014      152      151     1.634     1.462     1.364     1.501     0.685     1.929     0.999     0.780     0.981     0.238     0.523     0.253     0.168     0.173     0.131     0.285       n/a  clickbench-url-1m-gen1-s42.contains.L64.s1e-5.r2
  0.000022      235      235     1.603     1.450     1.346     1.502     0.673     1.914     0.993     0.755     0.970     0.208     0.523     0.252     0.145     0.150     0.130     0.297       n/a  clickbench-url-1m-gen1-s42.contains.L64.s1e-5.r1
  0.000024      264      263     1.592     1.454     1.335     1.493     0.672     1.912     0.991     0.759     0.970     0.220     0.518     0.243     0.130     0.134     0.127     0.290       n/a  clickbench-url-1m-gen1-s42.contains.L8.s0.r4
  0.000037      404      403     1.596     1.450     1.333     1.492     0.684     1.925     1.004     0.766     0.972     0.232     0.536     0.278     0.193     0.208     0.207     0.345       n/a  clickbench-url-1m-gen1-s42.contains.L4.s0.r2
  0.000075      817      817     1.619     1.455     1.350     1.489     0.674     1.908     1.024     0.763     0.999     0.236     0.536     0.302     0.180     0.167     0.151     0.316       n/a  clickbench-url-1m-gen1-s42.contains.L32.s1e-3.r2
  0.000077      835      833     1.578     1.444     1.340     1.494     0.675     1.899     0.991     0.768     0.988     0.223     0.527     0.260     0.142     0.138     0.129     0.302       n/a  clickbench-url-1m-gen1-s42.contains.L16.s1e-3.r3
  0.000081      874      874     1.585     1.467     1.338     1.486     0.737     2.031     1.161     0.877     1.030     0.313     0.601     0.394     0.209     0.204     0.135     0.286       n/a  clickbench-url-1m-gen1-s42.contains.L64.s1e-3.r0
