
== synth n=16M codes, avg_row=4, layout=uniform (ns/code, best of 3) ==
impl                      1e-5      1e-4      1e-3      1e-2      5e-2      2e-1
a1_row_early             3.131     3.093     3.102     3.116     3.185     3.384
a2_row_pushover          3.924     3.933     3.921     3.909     3.906     3.903
a3_row_bitmap            3.552     3.538     3.515     3.582     3.920     4.521
a4_row_chunked           3.320     3.295     3.303     3.363     3.638     4.031
b1_codes_branchy         0.705     0.938     0.925     1.146     1.909     4.203
b2_codes_cursor          3.097     3.073     3.088     3.160     3.542     4.129
c1_bitset_full           1.064     1.167     1.199     1.372     1.908     2.783
c2_codeidx_list          0.769     1.025     1.047     1.168     1.606     3.371
c3_block64_fused         1.003     1.126     1.120     1.398     2.030     2.921
c4_superblk512           0.240     0.599     0.980     1.690     2.447     4.682
sw3_word_fused           0.560     0.655     0.647     0.802     1.541     3.453
sw4_superblk512          0.319     0.487     0.787     1.303     2.018     4.020
r1_avx2_block64          0.242     0.363     0.342     0.557     1.103     1.747
r2_avx512_shipped        0.247     0.449     0.437     0.643     1.474     3.047
r3_avx512_fused64        0.231     0.370     0.378     0.667     1.352     2.256
r4_avx512_compress       0.407     0.662     0.663     0.803     1.314     3.078
r5_avx512_rowwise        0.777     0.779     0.798     0.805     0.761     0.756

== synth n=16M codes, avg_row=4, layout=bursty (ns/code, best of 3) ==
impl                      1e-5      1e-4      1e-3      1e-2      5e-2      2e-1
a1_row_early             3.105     3.165     3.161     3.167     3.227     3.556
a2_row_pushover          3.965     4.060     4.078     4.017     4.046     3.973
a3_row_bitmap            3.533     3.559     3.571     3.627     3.957     4.449
a4_row_chunked           3.287     3.341     3.322     3.366     3.604     3.976
b1_codes_branchy         0.649     0.692     0.941     1.109     1.841     4.091
b2_codes_cursor          3.028     3.074     3.211     3.385     3.566     3.969
c1_bitset_full           0.957     0.999     1.157     1.276     1.779     2.616
c2_codeidx_list          0.729     0.746     1.017     1.117     1.605     3.196
c3_block64_fused         0.959     0.985     1.140     1.277     1.810     2.762
c4_superblk512           0.196     0.233     0.550     1.003     2.221     4.634
sw3_word_fused           0.508     0.548     0.679     0.824     1.494     3.307
sw4_superblk512          0.242     0.307     0.516     0.849     1.867     3.961
r1_avx2_block64          0.156     0.232     0.389     0.485     0.904     1.597
r2_avx512_shipped        0.170     0.207     0.470     0.630     1.275     2.824
r3_avx512_fused64        0.155     0.214     0.389     0.563     1.140     2.075
r4_avx512_compress       0.320     0.387     0.652     0.761     1.260     2.956
r5_avx512_rowwise        0.725     0.730     0.775     0.780     0.808     0.964

== synth n=16M codes, avg_row=11, layout=uniform (ns/code, best of 3) ==
impl                      1e-5      1e-4      1e-3      1e-2      5e-2      2e-1
a1_row_early             1.792     1.838     1.809     1.763     1.656     1.490
a2_row_pushover          1.889     1.897     1.901     1.875     1.903     1.879
a3_row_bitmap            1.731     1.754     1.758     1.815     2.064     1.966
a4_row_chunked           1.810     1.836     1.830     1.874     2.015     1.823
b1_codes_branchy         0.684     0.852     0.763     1.002     1.722     3.735
b2_codes_cursor          1.962     1.996     1.993     2.071     2.288     2.183
c1_bitset_full           1.005     1.193     1.088     1.270     1.632     1.699
c2_codeidx_list          0.792     0.957     0.847     1.020     1.546     2.465
c3_block64_fused         0.996     1.158     1.140     1.333     1.701     1.700
c4_superblk512           0.287     0.496     0.851     1.525     2.191     4.063
sw3_word_fused           0.567     0.713     0.496     0.671     1.338     2.747
sw4_superblk512          0.319     0.505     0.752     1.261     2.003     3.455
r1_avx2_block64          0.244     0.403     0.280     0.484     0.784     0.770
r2_avx512_shipped        0.250     0.401     0.308     0.519     1.224     2.092
r3_avx512_fused64        0.230     0.365     0.282     0.570     1.012     0.973
r4_avx512_compress       0.408     0.569     0.507     0.641     1.173     2.127
r5_avx512_rowwise        0.378     0.391     0.385     0.392     0.398     0.390

== synth n=16M codes, avg_row=11, layout=bursty (ns/code, best of 3) ==
impl                      1e-5      1e-4      1e-3      1e-2      5e-2      2e-1
a1_row_early             1.794     1.796     1.848     1.774     1.680     1.524
a2_row_pushover          1.868     1.890     1.935     1.900     1.904     1.886
a3_row_bitmap            1.740     1.775     1.832     1.817     1.945     2.009
a4_row_chunked           1.818     1.795     1.827     1.857     1.946     1.922
b1_codes_branchy         0.670     0.680     0.821     0.959     1.629     3.675
b2_codes_cursor          1.980     1.932     2.075     2.120     2.137     2.191
c1_bitset_full           0.964     0.993     1.040     1.115     1.407     1.631
c2_codeidx_list          0.731     0.749     0.843     0.983     1.426     2.391
c3_block64_fused         0.961     0.983     1.034     1.138     1.453     1.713
c4_superblk512           0.209     0.237     0.391     0.810     1.914     3.959
sw3_word_fused           0.520     0.545     0.524     0.664     1.226     2.615
sw4_superblk512          0.290     0.315     0.415     0.763     1.661     3.384
r1_avx2_block64          0.196     0.196     0.290     0.359     0.567     0.771
r2_avx512_shipped        0.211     0.202     0.310     0.475     1.015     1.931
r3_avx512_fused64        0.199     0.219     0.284     0.399     0.720     0.961
r4_avx512_compress       0.359     0.381     0.501     0.613     1.101     2.089
r5_avx512_rowwise        0.375     0.386     0.394     0.389     0.407     0.413

== synth n=16M codes, avg_row=32, layout=uniform (ns/code, best of 3) ==
impl                      1e-5      1e-4      1e-3      1e-2      5e-2      2e-1
a1_row_early             1.093     1.108     1.073     0.996     0.761     0.624
a2_row_pushover          0.889     0.893     0.893     0.901     0.897     0.897
a3_row_bitmap            0.813     0.828     0.843     0.931     0.929     0.881
a4_row_chunked           0.873     0.890     0.896     0.899     0.777     0.490
b1_codes_branchy         0.741     0.712     0.745     0.967     1.527     3.308
b2_codes_cursor          1.598     1.589     1.580     1.663     1.666     1.611
c1_bitset_full           1.007     1.018     1.055     1.215     1.290     1.246
c2_codeidx_list          0.764     0.786     0.787     0.934     1.258     1.660
c3_block64_fused         0.979     0.983     1.017     1.238     1.322     1.245
c4_superblk512           0.246     0.336     0.735     1.434     1.949     3.688
sw3_word_fused           0.549     0.444     0.457     0.612     1.152     2.312
sw4_superblk512          0.321     0.398     0.717     1.218     1.689     3.093
r1_avx2_block64          0.203     0.257     0.251     0.427     0.483     0.420
r2_avx512_shipped        0.243     0.262     0.262     0.473     0.912     1.323
r3_avx512_fused64        0.209     0.231     0.249     0.479     0.557     0.474
r4_avx512_compress       0.375     0.423     0.430     0.566     0.912     1.366
r5_avx512_rowwise          n/a       n/a       n/a       n/a       n/a       n/a

== synth n=16M codes, avg_row=32, layout=bursty (ns/code, best of 3) ==
impl                      1e-5      1e-4      1e-3      1e-2      5e-2      2e-1
a1_row_early             1.119     1.081     1.080     1.037     0.854     0.647
a2_row_pushover          0.879     0.886     0.903     0.905     0.890     0.893
a3_row_bitmap            0.816     0.832     0.832     0.854     0.909     0.908
a4_row_chunked           0.868     0.875     0.880     0.873     0.772     0.565
b1_codes_branchy         0.705     0.784     0.908     0.925     1.469     3.252
b2_codes_cursor          1.552     1.617     1.569     1.578     1.633     1.605
c1_bitset_full           0.964     1.000     1.002     1.035     1.172     1.276
c2_codeidx_list          0.741     0.754     0.785     0.864     1.148     1.656
c3_block64_fused         0.952     0.965     0.989     1.042     1.184     1.259
c4_superblk512           0.244     0.279     0.334     0.734     1.778     3.665
sw3_word_fused           0.546     0.559     0.450     0.565     1.060     2.193
sw4_superblk512          0.304     0.355     0.392     0.708     1.529     3.051
r1_avx2_block64          0.217     0.244     0.249     0.294     0.388     0.477
r2_avx512_shipped        0.225     0.243     0.276     0.375     0.746     1.319
r3_avx512_fused64        0.199     0.216     0.255     0.305     0.440     0.518
r4_avx512_compress       0.368     0.388     0.441     0.504     0.794     1.487
r5_avx512_rowwise          n/a       n/a       n/a       n/a       n/a       n/a
